Bash Script that creates arrays using the arguments from the simulations with gem5.

| l1_ds | l1_is | l2_s  | l1i_as | l1d_as | l2_as | cacheline | speclibm _CPI |

| 32	| 32	| 1024	| 1	| 1	| 2	| 64	|2.604773 |
| 64	| 32	| 1024	| 2	| 2	| 8	| 64	|2.623706 |
| 64	| 32	| 2048	| 2	| 2	| 8	| 32	|3.920660 |
| 64	| 64	| 2048	| 2	| 2	| 8	| 64	|2.622504 |
| 64	| 32	| 2048	| 2	| 2	| 2	| 64	|2.622616 |
| 32	| 32	| 1024	| 2	| 2	| 8	| 64	|2.623706 |
| 64	| 32	| 1024	| 2	| 2	| 8	| 64	|2.623706 |
| 64	| 32	| 2048	| 1	| 1	| 8	| 64	|2.638586 |
| 64	| 32	| 2048	| 2	| 2	| 4	| 64	|2.622616 |
| 32	| 64	| 1024	| 2	| 2	| 8	| 64	|2.623706 |
| 64	| 32	| 512	| 2	| 2	| 8	| 64	|2.624329 |
| 64	| 32	| 512	| 2	| 2	| 8	| 64	|2.624329 |
| 32	| 64	| 512	| 2	| 2	| 8	| 64	|2.624291 |
| 32	| 32	| 512	| 2	| 2	| 8	| 64	|2.624329 |
| 32	| 32	| 512	| 1	| 1	| 2	| 64	|2.621863 |
| 64	| 64	| 512	| 2	| 2	| 8	| 64	|2.624291 |
| 128	| 32	| 2048	| 2	| 2	| 8	| 64	|2.622616 |
| 32	| 64	| 512	| 1	| 1	| 2	| 64	|2.831285 |
| 64	| 64	| 1024	| 2	| 2	| 8	| 64	|2.623706 |
| 32	| 32	| 2048	| 2	| 2	| 8	| 64	|2.622616 |
| 64	| 32	| 2048	| 2	| 2	| 8	| 128	|1.989979 |
| 64	| 32	| 2048	| 4	| 4	| 8	| 64	|2.622578 |

| l1_ds | l1_is | l2_s  | l1i_as | l1d_as | l2_as | cacheline | specbzip _CPI |

| 64	| 32	| 1024	| 2	| 2	| 8	| 64	|1.620090 |
| 64	| 32	| 2048	| 2	| 2	| 8	| 32	|1.707788 |
| 64	| 64	| 2048	| 2	| 2	| 8	| 64	|1.631299 |
| 64	| 64	| 2048	| 2	| 2	| 8	| 64	|1.603474 |
| 64	| 32	| 2048	| 2	| 2	| 2	| 64	|1.606936 |
| 32	| 32	| 1024	| 2	| 2	| 8	| 64	|1.654357 |
| 64	| 32	| 1024	| 2	| 2	| 8	| 64	|1.620090 |
| 64	| 32	| 2048	| 1	| 1	| 8	| 64	|1.622091 |
| 64	| 32	| 2048	| 2	| 2	| 4	| 64	|1.602931 |
| 32	| 64	| 1024	| 2	| 2	| 8	| 64	|1.654279 |
| 64	| 32	| 512	| 2	| 2	| 8	| 64	|1.647733 |
| 64	| 32	| 512	| 2	| 2	| 8	| 64	|1.647733 |
| 32	| 64	| 512	| 2	| 2	| 8	| 64	|1.682240 |
| 32	| 32	| 512	| 2	| 2	| 8	| 64	|1.682318 |
| 64	| 64	| 512	| 2	| 2	| 8	| 64	|1.647888 |
| 128	| 32	| 2048	| 2	| 2	| 8	| 64	|1.576282 |
| 64	| 64	| 1024	| 2	| 2	| 8	| 64	|1.619925 |
| 32	| 32	| 2048	| 2	| 2	| 8	| 64	|1.637899 |
| 64	| 32	| 2048	| 2	| 2	| 8	| 128	|1.596596 |
| 64	| 32	| 2048	| 4	| 4	| 8	| 64	|1.595124 |

| l1_ds | l1_is | l2_s  | l1i_as | l1d_as | l2_as | cacheline | specmcf _CPI |

| 64	| 32	| 1024	| 2	| 2	| 8	| 64	|1.235381 |
| 64	| 32	| 2048	| 2	| 2	| 8	| 32	|1.214562 |
| 64	| 64	| 2048	| 2	| 2	| 8	| 64	|1.117925 |
| 64	| 32	| 2048	| 2	| 2	| 2	| 64	|1.232680 |
| 32	| 32	| 1024	| 2	| 2	| 8	| 64	|1.237188 |
| 64	| 32	| 1024	| 2	| 2	| 8	| 64	|1.235381 |
| 64	| 32	| 2048	| 1	| 1	| 8	| 64	|1.327047 |
| 64	| 32	| 2048	| 2	| 2	| 4	| 64	|1.232655 |
| 32	| 64	| 1024	| 2	| 2	| 8	| 64	|1.122923 |
| 64	| 32	| 512	| 2	| 2	| 8	| 64	|1.237981 |
| 64	| 32	| 512	| 2	| 2	| 8	| 64	|1.237981 |
| 32	| 64	| 512	| 2	| 2	| 8	| 64	|1.125855 |
| 32	| 32	| 512	| 2	| 2	| 8	| 64	|1.240050 |
| 64	| 64	| 512	| 2	| 2	| 8	| 64	|1.123806 |
| 128	| 32	| 2048	| 2	| 2	| 8	| 64	|1.232073 |
| 64	| 64	| 1024	| 2	| 2	| 8	| 64	|1.120746 |
| 32	| 32	| 2048	| 2	| 2	| 8	| 64	|1.234393 |
| 64	| 32	| 2048	| 2	| 2	| 8	| 128	|1.236049 |
| 64	| 32	| 2048	| 4	| 4	| 8	| 64	|1.117517 |

| l1_ds | l1_is | l2_s  | l1i_as | l1d_as | l2_as | cacheline | spechmmer _CPI |

| 64	| 32	| 2048	| 2	| 2	| 8	| 32	|1.191936 |
| 64	| 64	| 2048	| 2	| 2	| 8	| 64	|1.184933 |
| 64	| 32	| 2048	| 2	| 2	| 2	| 64	|1.185174 |
| 32	| 32	| 1024	| 2	| 2	| 8	| 64	|6.718416 |
| 64	| 32	| 1024	| 2	| 2	| 8	| 64	|1.185174 |
| 64	| 32	| 2048	| 1	| 1	| 8	| 64	|1.335018 |
| 64	| 32	| 2048	| 2	| 2	| 4	| 64	|1.185174 |
| 32	| 64	| 1024	| 2	| 2	| 8	| 64	|6.669604 |
| 64	| 32	| 512	| 2	| 2	| 8	| 64	|1.185174 |
| 64	| 32	| 512	| 2	| 2	| 8	| 64	|6.718416 |
| 32	| 32	| 512	| 2	| 2	| 8	| 64	|6.718416 |
| 64	| 64	| 512	| 2	| 2	| 8	| 64	|6.669604 |
| 64	| 32	| 2048	| 2	| 2	| 8	| 128	|1.180157 |
| 64	| 32	| 2048	| 4	| 4	| 8	| 64	|1.184634 |

| l1_ds | l1_is | l2_s  | l1i_as | l1d_as | l2_as | cacheline | specsjeng _CPI |

| 64	| 32	| 1024	| 2	| 2	| 8	| 64	|7.055298 |
| 64	| 32	| 2048	| 2	| 2	| 8	| 32	|1.665655 |
| 64	| 64	| 2048	| 2	| 2	| 8	| 64	|7.054466 |
| 64	| 32	| 2048	| 2	| 2	| 2	| 64	|7.054192 |
| 32	| 32	| 1024	| 2	| 2	| 8	| 64	|7.055325 |
| 64	| 32	| 1024	| 2	| 2	| 8	| 64	|7.055298 |
| 64	| 32	| 2048	| 1	| 1	| 8	| 64	|7.054860 |
| 64	| 32	| 2048	| 2	| 2	| 4	| 64	|7.054262 |
| 32	| 64	| 1024	| 2	| 2	| 8	| 64	|7.055325 |
| 64	| 32	| 512	| 2	| 2	| 8	| 64	|7.055191 |
| 64	| 32	| 512	| 2	| 2	| 8	| 64	|7.055191 |
| 32	| 64	| 512	| 2	| 2	| 8	| 64	|7.055188 |
| 32	| 32	| 512	| 2	| 2	| 8	| 64	|7.055237 |
| 64	| 64	| 512	| 2	| 2	| 8	| 64	|7.055185 |
| 128	| 32	| 2048	| 2	| 2	| 8	| 64	|7.054495 |
| 64	| 64	| 1024	| 2	| 2	| 8	| 64	|7.055234 |
| 32	| 32	| 2048	| 2	| 2	| 8	| 64	|7.056395 |
| 64	| 32	| 2048	| 2	| 2	| 8	| 128	|4.984822 |
| 64	| 32	| 2048	| 4	| 4	| 8	| 64	|7.054527 |
